Crediti totali arc prog
2 51.35
3 14.85
4 12.38
5 9.99
6 9.49
7 9.23
8 8.85
9 7.77
10 7.63 
11 3.45
12 2.93
13 2.64
14 2.46
15 2.43
16 2.40
17 2.36
18 2.28
19 2.28
20 2.00
21 1.86
22 1.83
23 1.78
24 1.73
25 1.60
26 1.60
27 1.25
28 1.21
29 1.11
30 1.11
31 1.10
32 1.08
33 1.06
34 1.04
35 1.02
36 1.02
37 0.98
38 0.96
39 0.96
40 0.95
41 0.95
42 0.90
43 0.83
44 0.81
45 0.78
46 0.78
47 0.78
48 0.74
49 0.74
50 0.73



ASD ARC PROG ANI MDL
2 145.16
3 106.2
4 92.73
5 72.22
6 54.98
7 46.98  
8 44.04
9 42.16
10 32.11
11 31.58
12 25.87
13 21.38
14 21.04
15 20.69
16 18.72
17 18.38
18 16.72
19 16.64
20 14.79
21 12.44
22 12.15
23 11.66
24 9.78
25 9.64
26 9.52
27 9.38
28 9.34
29 9.09
30 9.04
31 8.97
32 8.79
33 7.09
34 6.96
35 6.88
36 5.96
37 5.95
38 5.92
39 5.46
40 5.29
41 5.22
42 4.90
43 4.89
44 4.85
45 4.78
46 4.77
47 4.63
48 4.34
49 4.31
50 4.28

voto medio e test
2 2.5
3 9.7
4 7.4
5 6.54
6 4.87
7 4.22
8 3.82
9 3.52
10 2.94
11 2.75
12 2.57
13 2.3
14 1.97
15 1.88
16 1.76
17 1.71
18 1.58
19 1.48
20 1.43
21 1.36
22 1.29
23 1.24
24 1.15
25 1.1
26 1.07
27 1.03
28 1.01
29 1
30 0.99
31 0.97
32 0.92
33 0.83
34 0.82
35 0.79
36 0.78
37 0.77
38 0.76
39 0.74
40 0.71
41 0.7
42 0.69	
43 0.66
44 0.66
45 0.64
46 0.63
47 0.56
48 0.56
49 0.52
50 0.52